3
4
19
52
62
109
149
153
156
163
173
176
192
202
208
211
212
213
215
216
217
218
220
221
237
243
244
246
253
255
262
268
270
280
282
287
288
296
300
308
311
312
318
319
324
325
327
332
337
340
343
345
356
362
364
366
373
374
378
380
381
382
392
396
398
400
402
406
411
416
417
418
419
422
425
428
431
436
459
467
468
483
488
492
494
524
527
530
534
551
556
559
560
570
575
576
577
582
585
587
601
602
615
634
650
651
654
657
662
688
703
717
718
722
723
751
755
782
783
789
790
797
799
811
821
822
835
837
838
847
850
852
853
856
859
862
866
876
884
885
886
888
902
904
907
921
923
924
935
936
940
941
945
948
950
951
952
953
965
969
975
976
977
979
981
987
1007
1010
1021
1026
1027
1033
1039
1045
1052
1059
1063
1067
1068
1080
1092
1094
1095
1104
1106
1108
1109
1114
1115
1116
1119
1124
1153
1154
1162
1194
1217
1244
1251
1252
1270
1287
1311
1312
1316
1319
1320
1323
1347
1357
1359
1367
1403
1424
1440
1464
1465
1467
1468
1469
1470
1471
1475
1484
1496
1497
1498
1502
1504
1515
1517
1523
1528
1545
1588
1614
1693
1700
1726
1729
