3
4
19
52
62
109
149
153
156
163
173
176
192
202
208
211
212
213
215
216
217
218
220
221
237
243
244
246
253
255
262
268
270
280
282
287
288
296
300
308
311
312
318
319
324
325
327
332
337
340
343
345
356
362
364
366
373
374
378
380
381
382
392
396
398
400
402
406
411
416
417
418
419
422
425
428
431
436
459
467
468
483
488
492
494
524
527
530
534
551
556
559
560
570
575
576
577
582
585
587
601
602
615
634
650
651
654
657
662
688
703
717
718
722
723
751
755
782
783
789
790
797
799
811
821
822
835
837
838
847
850
852
853
856
859
862
866
876
884
885
886
888
902
904
907
921
923
924
935
969
976
1021
1039
1067
1114
1124
1287
1367
1496
1517
